#    time[fs]         Re(autocorrel)     Im(autocorrel)     Abs(autocorrel)
     0.00000000       1.00000000000000   0.00000000000000   1.00000000000000
     2.00000000      -0.80911263140576   0.39055698844270   0.89844199118351
     4.00000000       0.47105733866789  -0.49318894628915   0.68200465764882
     6.00000000      -0.23650113467608   0.41082171808616   0.47403298488011
     8.00000000       0.12085935674648  -0.30152049367027   0.32484087214563
     10.0000000      -0.06475812525679   0.22125885032752   0.23054087194038
     12.0000000       0.02849074314537  -0.16910922043309   0.17149242222461
     14.0000000       0.00355055781053   0.13125725045447   0.13130526363262
     16.0000000      -0.03253312559144  -0.09472657816320   0.10015752029307
     18.0000000       0.05080376854716   0.05364413757490   0.07388312659023
     20.0000000      -0.04968611441984  -0.01292372460489   0.05133938667148
     22.0000000       0.03043347380102  -0.01397385328380   0.03348828008713
     24.0000000      -0.00477817854141   0.01939943452423   0.01997921545090
     26.0000000      -0.00698505460519  -0.00497911732110   0.00857802990988
     28.0000000       0.00018998645466  -0.00162797808979   0.00163902639204
     30.0000000       0.00110939530475  -0.00179571966838   0.00211077404513
     32.0000000       0.00068888421958   0.00118593851822   0.00137149977652
     34.0000000      -0.00026467544319  -0.00046263381413   0.00053299449922
     36.0000000       0.00034521763881   0.00056653763876   0.00066343056478
     38.0000000      -0.00065304713167  -0.00027230516985   0.00070754551918
     40.0000000       0.00072732182853  -0.00042631346672   0.00084305409919
     42.0000000      -0.00004015959772   0.00089426241219   0.00089516370299
     44.0000000      -0.00098629701900  -0.00074829075836   0.00123803104514
     46.0000000       0.00116949939550  -0.00062024999368   0.00132379714864
     48.0000000      -0.00058799143865   0.00122820933197   0.00136170191124
     50.0000000      -0.00122811223926  -0.00161258825043   0.00202699297918
