# Cross-correlation of (bra, time-independent) 
# /home/phyzch/MCTDH_main/tutorial/nocl/nocl0/restart
# and (ket, time-dependent)
# /home/phyzch/MCTDH_main/tutorial/nocl/nocl1/psi
# 
# Options:  ../nocl0/restart 
# 
#    time[fs]         Re(cross-correl)    Im(cross-correl)    Abs(cross-correl)       Abs^2
     0.00000000      1.000000047451E+00  0.000000000000E+00  1.000000047451E+00  1.000000094903E+00
     1.00000000     -2.236502239149E-01 -9.465540701624E-01  9.726171036941E-01  9.459840303982E-01
     2.00000000     -8.091081300028E-01  3.905553251646E-01  8.984372143067E-01  8.071894280511E-01
     3.00000000      4.772094967035E-01  6.363829916089E-01  7.954320937409E-01  6.327122157531E-01
     4.00000000      4.710578853404E-01 -4.931921469703E-01  6.820073497951E-01  4.651340251745E-01
     5.00000000     -4.629945117770E-01 -3.360104059640E-01  5.720724699299E-01  3.272669108517E-01
     6.00000000     -2.364862945426E-01  4.108527873770E-01  4.740525080641E-01  2.247257804019E-01
     7.00000000      3.539357327636E-01  1.675563105265E-01  3.915936926512E-01  1.533456201242E-01
     8.00000000      1.208538656572E-01 -3.015376370833E-01  3.248547420341E-01  1.055306034221E-01
     9.00000000     -2.572088022407E-01 -8.855046417415E-02  2.720249118290E-01  7.399755265557E-02
     10.0000000     -6.475180675228E-02  2.212474538181E-01  2.305281594484E-01  5.314323229868E-02
     11.0000000      1.924525652845E-01  4.551364876961E-02  1.977611744223E-01  3.910948210890E-02
     12.0000000      2.843661422119E-02 -1.690753187585E-01  1.714500056624E-01  2.939510444164E-02
     13.0000000     -1.492666813752E-01 -1.220379538160E-02  1.497647314640E-01  2.242947479050E-02
     14.0000000      3.682317628056E-03  1.312676359872E-01  1.313192739882E-01  1.724475172079E-02
     15.0000000      1.134535887338E-01 -1.898077711533E-02  1.150303729303E-01  1.323198669649E-02
     16.0000000     -3.278618286403E-02 -9.472865275635E-02  1.002419644651E-01  1.004845143983E-02
     17.0000000     -7.470336290378E-02  4.388210946326E-02  8.663851314559E-02  7.506231960079E-03
     18.0000000      5.106216373434E-02  5.373859042431E-02  7.412948580710E-02  5.495180666025E-03
     19.0000000      3.279521647475E-02 -5.334260746400E-02  6.261756937701E-02  3.920959994685E-03
     20.0000000     -5.014536525359E-02 -1.362037680145E-02  5.196222012798E-02  2.700072320629E-03
     21.0000000      1.663129896138E-03  4.229474741737E-02  4.232743389517E-02  1.791611660150E-03
     22.0000000      3.161457179698E-02 -1.204710000166E-02  3.383214105486E-02  1.144613768356E-03
     23.0000000     -1.723104794543E-02 -1.943010140302E-02  2.596994135206E-02  6.744378538295E-04
     24.0000000     -7.515240165264E-03  1.643257175930E-02  1.806953926823E-02  3.265082493660E-04
     25.0000000      1.022700695302E-02 -6.038387612074E-04  1.024481783472E-02  1.049562924666E-04
#    time[fs]         Re(cross-correl)    Im(cross-correl)    Abs(cross-correl)       Abs^2
