set title "1D Density   /home/phyzch/MCTDH_main/tutorial/nocl/nocl1"
set style data lines
set nologscale
set yrange [ 0.0000E+00: 0.5000E+01]
#  
#  
set xlabel "x"
set nolabel
set label "   0.00 fs,  rd          " at graph 0.01,0.95
plot "-"  using 1:2 smooth csplines  notitle ; pause 0.25 
       3.800000000000       0.000000004166       0.260923147202
       3.851428571429       0.000000222775       0.332914888859
       3.902857142857       0.000007698347       0.034147419035
       3.954285714286       0.000176067450       0.075810089707
       4.005714285714       0.002662471767       0.176825150847
       4.057142857143       0.026584157927       0.048015341163
       4.108571428571       0.175050426171       0.005140356254
       4.160000000000       0.759358031468       0.040074143559
       4.211428571429       2.168129777743       0.018815854564
       4.262857142857       4.071590428551       0.000160752796
       4.314285714286       5.026221026977       0.003743977984
       4.365714285714       4.077096449004       0.002859144472
       4.417142857143       2.172707166109       0.000221228343
       4.468571428571       0.760637834254       0.000125769773
       4.520000000000       0.174962325643       0.000184190751
       4.571428571429       0.026451072255       0.000030971485
       4.622857142857       0.002629638645       0.000000952985
       4.674285714286       0.000172030582       0.000005108708
       4.725714285714       0.000007412363       0.000001412860
       4.777142857143       0.000000210580       0.000000020783
       4.828571428571       0.000000003949       0.000000058657
       4.880000000000       0.000000000049       0.000000026183
       4.931428571429       0.000000000000       0.000000001392
       4.982857142857       0.000000000000       0.000000000245
       5.034285714286       0.000000000000       0.000000000211
       5.085714285714       0.000000000000       0.000000000021
       5.137142857143       0.000000000000       0.000000000000
       5.188571428571       0.000000000000       0.000000000001
       5.240000000000       0.000000000000       0.000000000000
       5.291428571429       0.000000000000       0.000000000000
       5.342857142857       0.000000000000       0.000000000000
       5.394285714286       0.000000000000       0.000000000000
       5.445714285714       0.000000000000       0.000000000000
       5.497142857143       0.000000000000       0.000000000000
       5.548571428571       0.000000000000       0.000000000000
       5.600000000000       0.000000000000       0.000000000000
e
set nolabel
set label "   1.00 fs,  rd          " at graph 0.01,0.95
plot "-"  using 1:2 smooth csplines  notitle ; pause 0.25 
       3.800000000000       0.000000004553       0.250763982534
       3.851428571429       0.000000237781       0.322367638350
       3.902857142857       0.000008056896       0.037260457873
       3.954285714286       0.000181074549       0.076787911355
       4.005714285714       0.002696725035       0.175620496273
       4.057142857143       0.026589803424       0.052938725799
       4.108571428571       0.173464272585       0.009758780710
       4.160000000000       0.748311221186       0.042145736516
       4.211428571429       2.133586402569       0.021206175908
       4.262857142857       4.018710263901       0.002069970360
       4.314285714286       4.998352213038       0.004606001545
       4.365714285714       4.103761663040       0.003365985816
       4.417142857143       2.223595335252       0.000538131048
       4.468571428571       0.795092909700       0.000256372296
       4.520000000000       0.187636904108       0.000236841181
       4.571428571429       0.029234478522       0.000055901113
       4.622857142857       0.003008721615       0.000010054101
       4.674285714286       0.000204694781       0.000007923761
       4.725714285714       0.000009214943       0.000002406258
       4.777142857143       0.000000274823       0.000000333827
       4.828571428571       0.000000005437       0.000000137849
       4.880000000000       0.000000000071       0.000000047063
       4.931428571429       0.000000000001       0.000000006892
       4.982857142857       0.000000000000       0.000000001427
       5.034285714286       0.000000000000       0.000000000450
       5.085714285714       0.000000000000       0.000000000072
       5.137142857143       0.000000000000       0.000000000010
       5.188571428571       0.000000000000       0.000000000002
       5.240000000000       0.000000000000       0.000000000000
       5.291428571429       0.000000000000       0.000000000000
       5.342857142857       0.000000000000       0.000000000000
       5.394285714286       0.000000000000       0.000000000000
       5.445714285714       0.000000000000       0.000000000000
       5.497142857143       0.000000000000       0.000000000000
       5.548571428571       0.000000000000       0.000000000000
       5.600000000000       0.000000000000       0.000000000000
e
set nolabel
set label "   2.00 fs,  rd          " at graph 0.01,0.95
plot "-"  using 1:2 smooth csplines  notitle ; pause 0.25 
       3.800000000000       0.000000006488       0.223852142692
       3.851428571429       0.000000301836       0.294095337391
       3.902857142857       0.000009406383       0.044764570892
       3.954285714286       0.000198536784       0.078625679016
       4.005714285714       0.002813561231       0.171761110425
       4.057142857143       0.026679493021       0.065596528351
       4.108571428571       0.169155115469       0.022100685164
       4.160000000000       0.717296358198       0.048027224839
       4.211428571429       2.035180375808       0.028058402240
       4.262857142857       3.864404931664       0.007698561531
       4.314285714286       4.910035679738       0.007366525941
       4.365714285714       4.173128017121       0.005044524558
       4.417142857143       2.371693174872       0.001600432093
       4.468571428571       0.901162903756       0.000732116692
       4.520000000000       0.228969814877       0.000442477933
       4.571428571429       0.038927304558       0.000154189329
       4.622857142857       0.004432925966       0.000048609822
       4.674285714286       0.000338612815       0.000021034593
       4.725714285714       0.000017378757       0.000007135784
       4.777142857143       0.000000600365       0.000001911039
       4.828571428571       0.000000013985       0.000000581524
       4.880000000000       0.000000000220       0.000000169140
       4.931428571429       0.000000000002       0.000000040372
       4.982857142857       0.000000000000       0.000000009435
       5.034285714286       0.000000000000       0.000000002176
       5.085714285714       0.000000000000       0.000000000446
       5.137142857143       0.000000000000       0.000000000086
       5.188571428571       0.000000000000       0.000000000016
       5.240000000000       0.000000000000       0.000000000003
       5.291428571429       0.000000000000       0.000000000000
       5.342857142857       0.000000000000       0.000000000000
       5.394285714286       0.000000000000       0.000000000000
       5.445714285714       0.000000000000       0.000000000000
       5.497142857143       0.000000000000       0.000000000000
       5.548571428571       0.000000000000       0.000000000000
       5.600000000000       0.000000000000       0.000000000000
e
set nolabel
set label "   3.00 fs,  rd          " at graph 0.01,0.95
plot "-"  using 1:2 smooth csplines  notitle ; pause 0.25 
       3.800000000000       0.000000007905       0.188457712531
       3.851428571429       0.000000368320       0.256012797356
       3.902857142857       0.000011187278       0.052773740143
       3.954285714286       0.000225186621       0.079192310572
       4.005714285714       0.003012922631       0.164877519011
       4.057142857143       0.027000398970       0.081131495535
       4.108571428571       0.163400493976       0.038465660065
       4.160000000000       0.672164041963       0.056603129953
       4.211428571429       1.887058342497       0.038330197334
       4.262857142857       3.621503752139       0.016596112400
       4.314285714286       4.750583320856       0.012311687693
       4.365714285714       4.255758018957       0.008219432086
       4.417142857143       2.601438926326       0.003665646305
       4.468571428571       1.084772735420       0.001774745528
       4.520000000000       0.308717870050       0.000940669037
       4.571428571429       0.060031813337       0.000398040109
       4.622857142857       0.007988736130       0.000153861183
       4.674285714286       0.000728756701       0.000061899111
       4.725714285714       0.000045641305       0.000022610502
       4.777142857143       0.000001964798       0.000007409733
       4.828571428571       0.000000058181       0.000002356330
       4.880000000000       0.000000001185       0.000000705285
       4.931428571429       0.000000000017       0.000000193993
       4.982857142857       0.000000000000       0.000000050453
       5.034285714286       0.000000000000       0.000000012275
       5.085714285714       0.000000000000       0.000000002766
       5.137142857143       0.000000000000       0.000000000590
       5.188571428571       0.000000000000       0.000000000118
       5.240000000000       0.000000000000       0.000000000022
       5.291428571429       0.000000000000       0.000000000004
       5.342857142857       0.000000000000       0.000000000001
       5.394285714286       0.000000000000       0.000000000000
       5.445714285714       0.000000000000       0.000000000000
       5.497142857143       0.000000000000       0.000000000000
       5.548571428571       0.000000000000       0.000000000000
       5.600000000000       0.000000000000       0.000000000000
e
set nolabel
set label "   4.00 fs,  rd          " at graph 0.01,0.95
plot "-"  using 1:2 smooth csplines  notitle ; pause 0.25 
       3.800000000000       0.000000014084       0.152702152729
       3.851428571429       0.000000578726       0.216317370534
       3.902857142857       0.000015600018       0.058338195086
       3.954285714286       0.000280357204       0.077136263251
       4.005714285714       0.003385410512       0.155063077807
       4.057142857143       0.027806455425       0.094821363688
       4.108571428571       0.157329072762       0.054844595492
       4.160000000000       0.619552688052       0.066163524985
       4.211428571429       1.709301066067       0.050314132124
       4.262857142857       3.313152119517       0.027763212100
       4.314285714286       4.511383341418       0.019394431263
       4.365714285714       4.308930536111       0.013071095571
       4.417142857143       2.882287692693       0.006960962899
       4.468571428571       1.349165663123       0.003633153625
       4.520000000000       0.442027135028       0.001919076545
       4.571428571429       0.101472785334       0.000902249303
       4.622857142857       0.016346624115       0.000391099282
       4.674285714286       0.001850837301       0.000164354322
       4.725714285714       0.000147481563       0.000064477783
       4.777142857143       0.000008277590       0.000023455068
       4.828571428571       0.000000327348       0.000008073186
       4.880000000000       0.000000009119       0.000002603509
       4.931428571429       0.000000000179       0.000000783205
       4.982857142857       0.000000000002       0.000000221846
       5.034285714286       0.000000000000       0.000000058729
       5.085714285714       0.000000000000       0.000000014444
       5.137142857143       0.000000000000       0.000000003332
       5.188571428571       0.000000000000       0.000000000720
       5.240000000000       0.000000000000       0.000000000144
       5.291428571429       0.000000000000       0.000000000027
       5.342857142857       0.000000000000       0.000000000005
       5.394285714286       0.000000000000       0.000000000001
       5.445714285714       0.000000000000       0.000000000000
       5.497142857143       0.000000000000       0.000000000000
       5.548571428571       0.000000000000       0.000000000000
       5.600000000000       0.000000000000       0.000000000000
e
set nolabel
set label "   5.00 fs,  rd          " at graph 0.01,0.95
plot "-"  using 1:2 smooth csplines  notitle ; pause 0.25 
       3.800000000000       0.000000037476       0.121589541435
       3.851428571429       0.000001193534       0.180469766259
       3.902857142857       0.000025864604       0.060592118651
       3.954285714286       0.000386429550       0.072604797781
       4.005714285714       0.004012787516       0.143144264817
       4.057142857143       0.029284244455       0.104042746127
       4.108571428571       0.151912891306       0.068389952183
       4.160000000000       0.565663523351       0.074938334525
       4.211428571429       1.521991772784       0.062158908695
       4.262857142857       2.968210354447       0.039812922478
       4.314285714286       4.195753609141       0.028031487018
       4.365714285714       4.290980266200       0.019430316985
       4.417142857143       3.167554487785       0.011524635367
       4.468571428571       1.684748671121       0.006458117627
       4.520000000000       0.645109338479       0.003541374113
       4.571428571429       0.177853453594       0.001793914125
       4.622857142857       0.035329240038       0.000843799498
       4.674285714286       0.005061460817       0.000377244665
       4.725714285714       0.000523479371       0.000158547817
       4.777142857143       0.000039112528       0.000062365383
       4.828571428571       0.000002111951       0.000023100891
       4.880000000000       0.000000082416       0.000008027099
       4.931428571429       0.000000002323       0.000002611382
       4.982857142857       0.000000000047       0.000000797653
       5.034285714286       0.000000000001       0.000000227926
       5.085714285714       0.000000000000       0.000000060708
       5.137142857143       0.000000000000       0.000000015112
       5.188571428571       0.000000000000       0.000000003514
       5.240000000000       0.000000000000       0.000000000760
       5.291428571429       0.000000000000       0.000000000153
       5.342857142857       0.000000000000       0.000000000029
       5.394285714286       0.000000000000       0.000000000005
       5.445714285714       0.000000000000       0.000000000001
       5.497142857143       0.000000000000       0.000000000000
       5.548571428571       0.000000000000       0.000000000000
       5.600000000000       0.000000000000       0.000000000000
e
set nolabel
set label "   6.00 fs,  rd          " at graph 0.01,0.95
plot "-"  using 1:2 smooth csplines  notitle ; pause 0.25 
       3.800000000000       0.000000120070       0.096849031746
       3.851428571429       0.000002821400       0.150790020823
       3.902857142857       0.000047329948       0.060122612864
       3.954285714286       0.000569596932       0.066542811692
       4.005714285714       0.004958040598       0.130319207907
       4.057142857143       0.031526563624       0.108401201665
       4.108571428571       0.147817918979       0.077887825668
       4.160000000000       0.515045323927       0.081704072654
       4.211428571429       1.340895767013       0.072445124388
       4.262857142857       2.615402018030       0.051408313215
       4.314285714286       3.821967749132       0.037322241813
       4.365714285714       4.176331435641       0.026811456308
       4.417142857143       3.402567654848       0.017164798453
       4.468571428571       2.061020541522       0.010244295001
       4.520000000000       0.926107975344       0.005890709348
       4.571428571429       0.308279667257       0.003174132667
       4.622857142857       0.075971340347       0.001595264068
       4.674285714286       0.013858768863       0.000757341564
       4.725714285714       0.001871822294       0.000338959740
       4.777142857143       0.000187260116       0.000142520337
       4.828571428571       0.000013882356       0.000056377023
       4.880000000000       0.000000762927       0.000020957892
       4.931428571429       0.000000031092       0.000007311911
       4.982857142857       0.000000000939       0.000002393324
       5.034285714286       0.000000000021       0.000000733257
       5.085714285714       0.000000000000       0.000000209869
       5.137142857143       0.000000000000       0.000000056098
       5.188571428571       0.000000000000       0.000000013983
       5.240000000000       0.000000000000       0.000000003243
       5.291428571429       0.000000000000       0.000000000699
       5.342857142857       0.000000000000       0.000000000140
       5.394285714286       0.000000000000       0.000000000026
       5.445714285714       0.000000000000       0.000000000004
       5.497142857143       0.000000000000       0.000000000001
       5.548571428571       0.000000000000       0.000000000000
       5.600000000000       0.000000000000       0.000000000000
e
set nolabel
set label "   7.00 fs,  rd          " at graph 0.01,0.95
plot "-"  using 1:2 smooth csplines  notitle ; pause 0.25 
       3.800000000000       0.000000401109       0.078183799982
       3.851428571429       0.000006912384       0.127446964383
       3.902857142857       0.000089576496       0.057942971587
       3.954285714286       0.000865908846       0.059898000211
       4.005714285714       0.006282954726       0.117620006204
       4.057142857143       0.034555046457       0.108758293092
       4.108571428571       0.145291317151       0.083373606205
       4.160000000000       0.470139986525       0.085972048342
       4.211428571429       1.175905081133       0.080435179174
       4.262857142857       2.278080541227       0.061619620770
       4.314285714286       3.417878639367       0.046414859593
       4.365714285714       3.963442312347       0.034629780799
       4.417142857143       3.541015833616       0.023558640853
       4.468571428571       2.428498512341       0.014867248014
       4.520000000000       1.274086845418       0.008969242685
       4.571428571429       0.509854364726       0.005103658419
       4.622857142857       0.155274818341       0.002716256073
       4.674285714286       0.035930938126       0.001362319570
       4.725714285714       0.006311317460       0.000645093794
       4.777142857143       0.000841157948       0.000287558825
       4.828571428571       0.000085072966       0.000120596393
       4.880000000000       0.000006532597       0.000047593559
       4.931428571429       0.000000381137       0.000017660604
       4.982857142857       0.000000016911       0.000006150592
       5.034285714286       0.000000000571       0.000002006634
       5.085714285714       0.000000000015       0.000000612524
       5.137142857143       0.000000000000       0.000000174658
       5.188571428571       0.000000000000       0.000000046421
       5.240000000000       0.000000000000       0.000000011481
       5.291428571429       0.000000000000       0.000000002638
       5.342857142857       0.000000000000       0.000000000563
       5.394285714286       0.000000000000       0.000000000111
       5.445714285714       0.000000000000       0.000000000020
       5.497142857143       0.000000000000       0.000000000003
       5.548571428571       0.000000000000       0.000000000001
       5.600000000000       0.000000000000       0.000000000000
e
set nolabel
set label "   8.00 fs,  rd          " at graph 0.01,0.95
plot "-"  using 1:2 smooth csplines  notitle ; pause 0.25 
       3.800000000000       0.000001287731       0.064470618963
       3.851428571429       0.000016574748       0.109549708664
       3.902857142857       0.000168368557       0.054886568338
       3.954285714286       0.001322208381       0.053289793432
       4.005714285714       0.008046816947       0.105657018721
       4.057142857143       0.038334871513       0.106264010072
       4.108571428571       0.144252437167       0.085480809212
       4.160000000000       0.431662420225       0.087810128927
       4.211428571429       1.031442597095       0.085972122848
       4.262857142857       1.971280926632       0.070002324879
       4.314285714286       3.012124076486       0.054737787694
       4.365714285714       3.672029450536       0.042409211397
       4.417142857143       3.559604121579       0.030389523134
       4.468571428571       2.732742867536       0.020168093964
       4.520000000000       1.654386892915       0.012741322629
       4.571428571429       0.786544786145       0.007617612369
       4.622857142857       0.292576277732       0.004267476965
       4.674285714286       0.084880775669       0.002250424586
       4.725714285714       0.019158433295       0.001121090027
       4.777142857143       0.003358630622       0.000526289339
       4.828571428571       0.000456939647       0.000232494218
       4.880000000000       0.000048245869       0.000096733944
       4.931428571429       0.000003956288       0.000037887439
       4.982857142857       0.000000252272       0.000013937952
       5.034285714286       0.000000012521       0.000004808622
       5.085714285714       0.000000000482       0.000001554105
       5.137142857143       0.000000000014       0.000000469464
       5.188571428571       0.000000000000       0.000000132227
       5.240000000000       0.000000000000       0.000000034665
       5.291428571429       0.000000000000       0.000000008444
       5.342857142857       0.000000000000       0.000000001908
       5.394285714286       0.000000000000       0.000000000399
       5.445714285714       0.000000000000       0.000000000077
       5.497142857143       0.000000000000       0.000000000014
       5.548571428571       0.000000000000       0.000000000002
       5.600000000000       0.000000000000       0.000000000000
e
set nolabel
set label "   9.00 fs,  rd          " at graph 0.01,0.95
plot "-"  using 1:2 smooth csplines  notitle ; pause 0.25 
       3.800000000000       0.000003818027       0.054461628199
       3.851428571429       0.000037778794       0.095867380500
       3.902857142857       0.000307243838       0.051434148103
       3.954285714286       0.001993927941       0.047014899552
       4.005714285714       0.010297879958       0.094639495015
       4.057142857143       0.042783183097       0.101835176349
       4.108571428571       0.144426863537       0.084950283170
       4.160000000000       0.399241968989       0.087564103305
       4.211428571429       0.907970892472       0.089232623577
       4.262857142857       1.701815798879       0.076472140849
       4.314285714286       2.627163049248       0.062029264867
       4.365714285714       3.332655421562       0.049871399999
       4.417142857143       3.462001267407       0.037436496466
       4.468571428571       2.932799193594       0.026026004925
       4.520000000000       2.016712766555       0.017183315009
       4.571428571429       1.120244380501       0.010753861628
       4.622857142857       0.500277466037       0.006313519087
       4.674285714286       0.178812182922       0.003487281734
       4.725714285714       0.050954353194       0.001819417346
       4.777142857143       0.011540553533       0.000894690340
       4.828571428571       0.002073087550       0.000414067443
       4.880000000000       0.000295046473       0.000180552946
       4.931428571429       0.000033268113       0.000074146876
       4.982857142857       0.000002974700       0.000028620119
       5.034285714286       0.000000211230       0.000010371304
       5.085714285714       0.000000011851       0.000003524218
       5.137142857143       0.000000000519       0.000001120171
       5.188571428571       0.000000000018       0.000000332240
       5.240000000000       0.000000000000       0.000000091788
       5.291428571429       0.000000000000       0.000000023567
       5.342857142857       0.000000000000       0.000000005612
       5.394285714286       0.000000000000       0.000000001235
       5.445714285714       0.000000000000       0.000000000250
       5.497142857143       0.000000000000       0.000000000048
       5.548571428571       0.000000000000       0.000000000008
       5.600000000000       0.000000000000       0.000000000002
e
set nolabel
set label "  10.00 fs,  rd          " at graph 0.01,0.95
plot "-"  using 1:2 smooth csplines  notitle ; pause 0.25 
       3.800000000000       0.000010294646       0.047072049230
       3.851428571429       0.000080830311       0.085188783705
       3.902857142857       0.000537839600       0.047772772610
       3.954285714286       0.002939618894       0.041171893477
       4.005714285714       0.013063641220       0.084509201348
       4.057142857143       0.047778089194       0.096028342843
       4.108571428571       0.145452152679       0.082410596311
       4.160000000000       0.371963147902       0.085642956197
       4.211428571429       0.803653492282       0.090492926538
       4.262857142857       1.470345776114       0.081123277545
       4.314285714286       2.276640509566       0.068241044879
       4.365714285714       2.975724306371       0.056901924312
       4.417142857143       3.271465955509       0.044584564865
       4.468571428571       3.012393539151       0.032388076186
       4.520000000000       2.312461949057       0.022313289344
       4.571428571429       1.472415568100       0.014577312395
       4.622857142857       0.773508443187       0.008940759115
       4.674285714286       0.333480800812       0.005157686770
       4.725714285714       0.117406847938       0.002808457706
       4.777142857143       0.033610292788       0.001440783031
       4.828571428571       0.007797324037       0.000695546507
       4.880000000000       0.001462531590       0.000316308549
       4.931428571429       0.000221515418       0.000135454815
       4.982857142857       0.000027087693       0.000054542368
       5.034285714286       0.000002676700       0.000020633290
       5.085714285714       0.000000212646       0.000007324243
       5.137142857143       0.000000013419       0.000002433825
       5.188571428571       0.000000000660       0.000000755367
       5.240000000000       0.000000000024       0.000000218609
       5.291428571429       0.000000000001       0.000000058817
       5.342857142857       0.000000000000       0.000000014673
       5.394285714286       0.000000000000       0.000000003396
       5.445714285714       0.000000000000       0.000000000721
       5.497142857143       0.000000000000       0.000000000144
       5.548571428571       0.000000000000       0.000000000025
       5.600000000000       0.000000000000       0.000000000005
e
set nolabel
set label "  11.00 fs,  rd          " at graph 0.01,0.95
plot "-"  using 1:2 smooth csplines  notitle ; pause 0.25 
       3.800000000000       0.000025160540       0.041439071298
       3.851428571429       0.000161870874       0.076459079981
       3.902857142857       0.000898540788       0.043929845095
       3.954285714286       0.004213704597       0.035788096488
       4.005714285714       0.016342851773       0.075077839196
       4.057142857143       0.053166731312       0.089120797813
       4.108571428571       0.146947263016       0.078352682292
       4.160000000000       0.348730540524       0.082404479384
       4.211428571429       0.715631267263       0.089975804090
       4.262857142857       1.273846646978       0.084080651402
       4.314285714286       1.966266313361       0.073408342898
       4.365714285714       2.624910283420       0.063453085721
       4.417142857143       3.019060567021       0.051774945110
       4.468571428571       2.978878468275       0.039253100753
       4.520000000000       2.509923030933       0.028190108016
       4.571428571429       1.796862959034       0.019188253209
       4.622857142857       1.087037380785       0.012269745581
       4.674285714286       0.552555975608       0.007377148606
       4.725714285714       0.234687856088       0.004181883298
       4.777142857143       0.082865356105       0.002231705235
       4.828571428571       0.024217823456       0.001120180124
       4.880000000000       0.005838398485       0.000529282144
       4.931428571429       0.001158219402       0.000235355503
       4.982857142857       0.000188802798       0.000098401862
       5.034285714286       0.000025282818       0.000038659804
       5.085714285714       0.000002761834       0.000014255224
       5.137142857143       0.000000242720       0.000004923621
       5.188571428571       0.000000016871       0.000001589134
       5.240000000000       0.000000000905       0.000000478619
       5.291428571429       0.000000000036       0.000000134067
       5.342857142857       0.000000000001       0.000000034764
       5.394285714286       0.000000000000       0.000000008420
       5.445714285714       0.000000000000       0.000000001879
       5.497142857143       0.000000000000       0.000000000387
       5.548571428571       0.000000000000       0.000000000078
       5.600000000000       0.000000000000       0.000000000019
e
set nolabel
set label "  12.00 fs,  rd          " at graph 0.01,0.95
plot "-"  using 1:2 smooth csplines  notitle ; pause 0.25 
       3.800000000000       0.000055936371       0.036892902106
       3.851428571429       0.000304049607       0.068818986416
       3.902857142857       0.001431426608       0.039900448173
       3.954285714286       0.005859610408       0.030899967998
       4.005714285714       0.020103879635       0.066135570407
       4.057142857143       0.058773329430       0.081260636449
       4.108571428571       0.148545585883       0.073174767196
       4.160000000000       0.328479189840       0.078114494681
       4.211428571429       0.640850452085       0.087799310684
       4.262857142857       1.107599482768       0.085411436856
       4.314285714286       1.696131585373       0.077531509101
       4.365714285714       2.295390764872       0.069447137415
       4.417142857143       2.734285468856       0.058936201036
       4.468571428571       2.854374837544       0.046621143818
       4.520000000000       2.599402889609       0.034884884953
       4.571428571429       2.054952561027       0.024711884558
       4.622857142857       1.402693986893       0.016454545781
       4.674285714286       0.821989629832       0.010296727531
       4.725714285714       0.411148778059       0.006065842696
       4.777142857143       0.174572727539       0.003360678675
       4.828571428571       0.062611922880       0.001749757328
       4.880000000000       0.018889560306       0.000856597035
       4.931428571429       0.004777540340       0.000394273084
       4.982857142857       0.001010487045       0.000170558997
       5.034285714286       0.000178527999       0.000069308953
       5.085714285714       0.000026111871       0.000026426404
       5.137142857143       0.000003106718       0.000009441562
       5.188571428571       0.000000294359       0.000003151507
       5.240000000000       0.000000021688       0.000000980696
       5.291428571429       0.000000001205       0.000000283814
       5.342857142857       0.000000000048       0.000000075579
       5.394285714286       0.000000000001       0.000000018730
       5.445714285714       0.000000000000       0.000000004339
       5.497142857143       0.000000000000       0.000000000868
       5.548571428571       0.000000000000       0.000000000186
       5.600000000000       0.000000000000       0.000000000058
e
set nolabel
set label "  13.00 fs,  rd          " at graph 0.01,0.95
plot "-"  using 1:2 smooth csplines  notitle ; pause 0.25 
       3.800000000000       0.000114394330       0.032922387123
       3.851428571429       0.000539569970       0.061627421528
       3.902857142857       0.002180465587       0.035733219236
       3.954285714286       0.007905339994       0.026571733877
       4.005714285714       0.024286612946       0.057526931167
       4.057142857143       0.064408281792       0.072606094182
       4.108571428571       0.149914448977       0.067211613059
       4.160000000000       0.310274668866       0.072945989668
       4.211428571429       0.576501862249       0.084017448127
       4.262857142857       0.966484782596       0.085096940398
       4.314285714286       1.463029719889       0.080492414534
       4.365714285714       1.994926565223       0.074714720249
       4.417142857143       2.440396158232       0.065924257040
       4.468571428571       2.666137491663       0.054426893592
       4.520000000000       2.589309049977       0.042433906347
       4.571428571429       2.224628999829       0.031270667911
       4.622857142857       1.682013480200       0.021666834131
       4.674285714286       1.112944405112       0.014097480103
       4.725714285714       0.640774538947       0.008620169014
       4.777142857143       0.319239119482       0.004950973205
       4.828571428571       0.136924637223       0.002669012174
       4.880000000000       0.050329600021       0.001350863604
       4.931428571429       0.015790882268       0.000642020197
       4.982857142857       0.004214963459       0.000286557071
       5.034285714286       0.000955662674       0.000120064353
       5.085714285714       0.000182171756       0.000047169447
       5.137142857143       0.000028599820       0.000017370230
       5.188571428571       0.000003603780       0.000005971991
       5.240000000000       0.000000354152       0.000001908695
       5.291428571429       0.000000026255       0.000000567272
       5.342857142857       0.000000001399       0.000000153476
       5.394285714286       0.000000000048       0.000000037475
       5.445714285714       0.000000000001       0.000000008703
       5.497142857143       0.000000000000       0.000000001567
       5.548571428571       0.000000000000       0.000000000210
       5.600000000000       0.000000000000       0.000000000086
e
set nolabel
set label "  14.00 fs,  rd          " at graph 0.01,0.95
plot "-"  using 1:2 smooth csplines  notitle ; pause 0.25 
       3.800000000000       0.000217408607       0.029166981578
       3.851428571429       0.000912162684       0.054488569498
       3.902857142857       0.003189743074       0.031548704952
       3.954285714286       0.010354102900       0.022855946794
       4.005714285714       0.028787182722       0.049202248454
       4.057142857143       0.069840602939       0.063430115581
       4.108571428571       0.150728170087       0.060735717416
       4.160000000000       0.293351236420       0.066991440952
       4.211428571429       0.520253740251       0.078717932105
       4.262857142857       0.845792237669       0.083084598184
       4.314285714286       1.262320888539       0.082028798759
       4.365714285714       1.725993408925       0.078957848251
       4.417142857143       2.153370322453       0.072480432689
       4.468571428571       2.439834632807       0.062477737665
       4.520000000000       2.498503029346       0.050775270909
       4.571428571429       2.301204928921       0.038938954473
       4.622857142857       1.896499242220       0.028067307547
       4.674285714286       1.391019734244       0.018974442035
       4.725714285714       0.903053271274       0.012032548897
       4.777142857143       0.516123717858       0.007155401632
       4.828571428571       0.258380976609       0.003987167496
       4.880000000000       0.112784938473       0.002082441235
       4.931428571429       0.042744683257       0.001019704039
       4.982857142857       0.014010030362       0.000468373444
       5.034285714286       0.003964596504       0.000201817340
       5.085714285714       0.000957987423       0.000081495156
       5.137142857143       0.000193141525       0.000030865329
       5.188571428571       0.000031545114       0.000010915203
       5.240000000000       0.000004040653       0.000003582026
       5.291428571429       0.000000392058       0.000001096127
       5.342857142857       0.000000027606       0.000000303604
       5.394285714286       0.000000001307       0.000000072812
       5.445714285714       0.000000000034       0.000000016837
       5.497142857143       0.000000000001       0.000000003249
       5.548571428571       0.000000000000       0.000000000250
       5.600000000000       0.000000000000       0.000000000041
e
set nolabel
set label "  15.00 fs,  rd          " at graph 0.01,0.95
plot "-"  using 1:2 smooth csplines  notitle ; pause 0.25 
       3.800000000000       0.000378957480       0.025420965627
       3.851428571429       0.001456145603       0.047274582088
       3.902857142857       0.004469209145       0.027517022565
       3.954285714286       0.013142972441       0.019742736593
       4.005714285714       0.033455969727       0.041248310357
       4.057142857143       0.074861577014       0.054125186056
       4.108571428571       0.150739298099       0.053936515003
       4.160000000000       0.277099685950       0.060354873538
       4.211428571429       0.470214306066       0.072106063366
       4.262857142857       0.741565165420       0.079314410686
       4.314285714286       1.089291667773       0.081793338060
       4.365714285714       1.487996884518       0.081776395440
       4.417142857143       1.882857622372       0.078194364905
       4.468571428571       2.196142015358       0.070411726832
       4.520000000000       2.349204197526       0.059706747532
       4.571428571429       2.292985448407       0.047695357352
       4.622857142857       2.031804993749       0.035767428577
       4.674285714286       1.625951627890       0.025113113225
       4.725714285714       1.169024438908       0.016504134983
       4.777142857143       0.751305878576       0.010147244669
       4.828571428571       0.429512224057       0.005833468400
       4.880000000000       0.217468014711       0.003137776628
       4.931428571429       0.097109527431       0.001579334843
       4.982857142857       0.038075513698       0.000744721328
       5.034285714286       0.013089361730       0.000329372706
       5.085714285714       0.003900918859       0.000136531991
       5.137142857143       0.000982685550       0.000053191419
       5.188571428571       0.000202415180       0.000019419369
       5.240000000000       0.000032884145       0.000006600326
       5.291428571429       0.000004065476       0.000002116719
       5.342857142857       0.000000368728       0.000000627692
       5.394285714286       0.000000023393       0.000000162052
       5.445714285714       0.000000000957       0.000000042565
       5.497142857143       0.000000000030       0.000000014016
       5.548571428571       0.000000000005       0.000000004931
       5.600000000000       0.000000000001       0.000000001244
e
set nolabel
set label "  16.00 fs,  rd          " at graph 0.01,0.95
plot "-"  using 1:2 smooth csplines  notitle ; pause 0.25 
       3.800000000000       0.000619741776       0.021650372073
       3.851428571429       0.002218908695       0.040114775300
       3.902857142857       0.006033789476       0.023786570877
       3.954285714286       0.016202840521       0.017116533592
       4.005714285714       0.038159788690       0.033817727119
       4.057142857143       0.079334317707       0.045111041516
       4.108571428571       0.149835665555       0.047018386424
       4.160000000000       0.261132845966       0.053262650967
       4.211428571429       0.424883804388       0.064451448619
       4.262857142857       0.650381100261       0.073797382414
       4.314285714286       0.939343880034       0.079573288560
       4.365714285714       1.278659452995       0.082756265998
       4.417142857143       1.634119244085       0.082494877279
       4.468571428571       1.950486232009       0.077692426741
       4.520000000000       2.162532922294       0.068847246468
       4.571428571429       2.215411783093       0.057354476303
       4.622857142857       2.086484908230       0.044772181660
       4.674285714286       1.797559940153       0.032646413893
       4.725714285714       1.409644530051       0.022219019011
       4.777142857143       1.001344848838       0.014105052687
       4.828571428571       0.641302236666       0.008349874988
       4.880000000000       0.368749045043       0.004615092650
       4.931428571429       0.189634060694       0.002382626990
       4.982857142857       0.086795318768       0.001151448931
       5.034285714286       0.035320672194       0.000522048678
       5.085714285714       0.012641953880       0.000222153249
       5.137142857143       0.003874835885       0.000089290261
       5.188571428571       0.000980191594       0.000033900022
       5.240000000000       0.000196497288       0.000012112287
       5.291428571429       0.000030040348       0.000004186117
       5.342857142857       0.000003385144       0.000001397947
       5.394285714286       0.000000272119       0.000000430683
       5.445714285714       0.000000015058       0.000000143265
       5.497142857143       0.000000000613       0.000000068294
       5.548571428571       0.000000000049       0.000000036016
       5.600000000000       0.000000000008       0.000000010514
e
set nolabel
set label "  17.00 fs,  rd          " at graph 0.01,0.95
plot "-"  using 1:2 smooth csplines  notitle ; pause 0.25 
       3.800000000000       0.000961931588       0.017987098545
       3.851428571429       0.003261281745       0.033332590014
       3.902857142857       0.007922043329       0.020413557068
       3.954285714286       0.019476097724       0.014782595448
       4.005714285714       0.042752166822       0.027114357799
       4.057142857143       0.083042960614       0.036722972989
       4.108571428571       0.147742992784       0.040115121752
       4.160000000000       0.245019920274       0.046076938510
       4.211428571429       0.383213721216       0.056252863258
       4.262857142857       0.569948378123       0.066729247570
       4.314285714286       0.809051437924       0.075282320380
       4.365714285714       1.095398329198       0.081609711051
       4.417142857143       1.409203248719       0.084835618734
       4.468571428571       1.712982418636       0.083615668118
       4.520000000000       1.955886205865       0.077572174370
       4.571428571429       2.086326707568       0.067515313625
       4.622857142857       2.068584909042       0.054923295975
       4.674285714286       1.897293577592       0.041601955891
       4.725714285714       1.602126057777       0.029305472970
       4.777142857143       1.239667046401       0.019188631326
       4.828571428571       0.874894277917       0.011679479852
       4.880000000000       0.560920147432       0.006618539803
       4.931428571429       0.325660443761       0.003497266676
       4.982857142857       0.170307991923       0.001730188029
       5.034285714286       0.080161059224       0.000803796167
       5.085714285714       0.033627887994       0.000351381459
       5.137142857143       0.012238160545       0.000146237056
       5.188571428571       0.003711754552       0.000058174865
       5.240000000000       0.000896092105       0.000022148512
       5.291428571429       0.000164960943       0.000008395725
       5.342857142857       0.000022360859       0.000003191577
       5.394285714286       0.000002172224       0.000001171842
       5.445714285714       0.000000148220       0.000000468803
       5.497142857143       0.000000007339       0.000000259155
       5.548571428571       0.000000000420       0.000000148662
       5.600000000000       0.000000000045       0.000000044014
e
set nolabel
set label "  18.00 fs,  rd          " at graph 0.01,0.95
plot "-"  using 1:2 smooth csplines  notitle ; pause 0.25 
       3.800000000000       0.001416217128       0.014638350345
       3.851428571429       0.004613736625       0.027309551835
       3.902857142857       0.010123528288       0.017437053844
       3.954285714286       0.022830903375       0.012592374347
       4.005714285714       0.047030841880       0.021317491308
       4.057142857143       0.085818435117       0.029202939942
       4.108571428571       0.144323297880       0.033278476447
       4.160000000000       0.228513032198       0.039032682776
       4.211428571429       0.344469988098       0.048122435808
       4.262857142857       0.498549681571       0.058658566326
       4.314285714286       0.695656043374       0.069025136530
       4.365714285714       0.935636885050       0.078143462539
       4.417142857143       1.208447261403       0.084825687110
       4.468571428571       1.490095216367       0.087533369660
       4.520000000000       1.742954779830       0.085130326450
       4.571428571429       1.923091005948       0.077564716339
       4.622857142857       1.991431663434       0.065871655941
       4.674285714286       1.926327745120       0.051880046725
       4.725714285714       1.732600749367       0.037807788700
       4.777142857143       1.442373523282       0.025493763387
       4.828571428571       1.106393709779       0.015928521752
       4.880000000000       0.778753693319       0.009238943458
       4.931428571429       0.501889606110       0.004983983468
       4.982857142857       0.294534680951       0.002518791938
       5.034285714286       0.157204391952       0.001199125196
       5.085714285714       0.075629450536       0.000539023662
       5.137142857143       0.031949477852       0.000232570688
       5.188571428571       0.011363960867       0.000097347052
       5.240000000000       0.003233063318       0.000039726892
       5.291428571429       0.000700581637       0.000016455089
       5.342857142857       0.000111276620       0.000006942405
       5.394285714286       0.000012619286       0.000002875480
       5.445714285714       0.000001006352       0.000001298976
       5.497142857143       0.000000057408       0.000000762732
       5.548571428571       0.000000002958       0.000000429631
       5.600000000000       0.000000000217       0.000000123231
e
set nolabel
set label "  19.00 fs,  rd          " at graph 0.01,0.95
plot "-"  using 1:2 smooth csplines  notitle ; pause 0.25 
       3.800000000000       0.001984337076       0.011744499207
       3.851428571429       0.006295946271       0.022277519107
       3.902857142857       0.012619894793       0.014944187365
       3.954285714286       0.026111762984       0.010560714640
       4.005714285714       0.050749983509       0.016505381092
       4.057142857143       0.087498810091       0.022777728736
       4.108571428571       0.139545904110       0.026706080884
       4.160000000000       0.211573337826       0.032122842968
       4.211428571429       0.308251018739       0.040340323001
       4.262857142857       0.434924005013       0.050335057080
       4.314285714286       0.596886459324       0.061382986605
       4.365714285714       0.796877013312       0.072427965701
       4.417142857143       1.031219710906       0.082179605961
       4.468571428571       1.285693732401       0.088926233351
       4.520000000000       1.533857401874       0.090847976506
       4.571428571429       1.740758079622       0.086816564202
       4.622857142857       1.870024825136       0.077068321407
       4.674285714286       1.892679971125       0.063178524375
       4.725714285714       1.796720404592       0.047652948648
       4.777142857143       1.592606782085       0.033039662987
       4.828571428571       1.312651154068       0.021128818393
       4.880000000000       1.001293708881       0.012520848773
       4.931428571429       0.705973928173       0.006887019612
       4.982857142857       0.457756112640       0.003545568790
       5.034285714286       0.272447615862       0.001726561808
       5.085714285714       0.147475685096       0.000799288508
       5.137142857143       0.070819673258       0.000357451092
       5.188571428571       0.028929522119       0.000156991693
       5.240000000000       0.009508040158       0.000068511792
       5.291428571429       0.002377952559       0.000030511204
       5.342857142857       0.000433291456       0.000013760447
       5.394285714286       0.000055929412       0.000006146534
       5.445714285714       0.000005041160       0.000003033933
       5.497142857143       0.000000319953       0.000001806522
       5.548571428571       0.000000016221       0.000000959474
       5.600000000000       0.000000000912       0.000000261797
e
set nolabel
set label "  20.00 fs,  rd          " at graph 0.01,0.95
plot "-"  using 1:2 smooth csplines  notitle ; pause 0.25 
       3.800000000000       0.002649750160       0.009304755367
       3.851428571429       0.008297679920       0.018187642097
       3.902857142857       0.015379325810       0.013006193563
       3.954285714286       0.029163341646       0.008881334215
       4.005714285714       0.053655381392       0.012670727447
       4.057142857143       0.087937375065       0.017567573115
       4.108571428571       0.133462358887       0.020825635642
       4.160000000000       0.194315177699       0.025510374457
       4.211428571429       0.274408011076       0.032874215394
       4.262857142857       0.378220802587       0.042136646807
       4.314285714286       0.510960501722       0.053117904812
       4.365714285714       0.676874930246       0.065068230033
       4.417142857143       0.876257309897       0.076988123357
       4.468571428571       1.101652470728       0.087396368384
       4.520000000000       1.335490432878       0.094077616930
       4.571428571429       1.551566169494       0.094626627862
       4.622857142857       1.719206716451       0.087944149971
       4.674285714286       1.808408709864       0.075014680624
       4.725714285714       1.798042075502       0.058550324291
       4.777142857143       1.681920037501       0.041734829545
       4.828571428571       1.475092665189       0.027252264321
       4.880000000000       1.206507564833       0.016438104212
       4.931428571429       0.919262102495       0.009205782786
       4.982857142857       0.649784877896       0.004825593438
       5.034285714286       0.425305129546       0.002395936754
       5.085714285714       0.255033917104       0.001139924279
       5.137142857143       0.136717279545       0.000528467819
       5.188571428571       0.062926264299       0.000242260488
       5.240000000000       0.023460747454       0.000111767156
       5.291428571429       0.006656358245       0.000052553849
       5.342857142857       0.001367304018       0.000024589424
       5.394285714286       0.000197055220       0.000011547329
       5.445714285714       0.000019620711       0.000006099692
       5.497142857143       0.000001353444       0.000003571076
       5.548571428571       0.000000069487       0.000001758490
       5.600000000000       0.000000003279       0.000000456527
e
set nolabel
set label "  21.00 fs,  rd          " at graph 0.01,0.95
plot "-"  using 1:2 smooth csplines  notitle ; pause 0.25 
       3.800000000000       0.003367517072       0.007243738510
       3.851428571429       0.010567730836       0.014797647484
       3.902857142857       0.018355896787       0.011539917439
       3.954285714286       0.031839291074       0.007735043764
       4.005714285714       0.055526204718       0.009787568823
       4.057142857143       0.087015705908       0.013541779481
       4.108571428571       0.126210861425       0.016025139019
       4.160000000000       0.176981955560       0.019637659192
       4.211428571429       0.242975100668       0.025897227228
       4.262857142857       0.327890681931       0.034201908857
       4.314285714286       0.436476602529       0.044645301998
       4.365714285714       0.573588949111       0.056734174490
       4.417142857143       0.741847304420       0.069824084640
       4.468571428571       0.938407714582       0.083036944270
       4.520000000000       1.152354116655       0.094344183803
       4.571428571429       1.365020064016       0.100286513567
       4.622857142857       1.552405415310       0.097912870347
       4.674285714286       1.686994048456       0.086914002895
       4.725714285714       1.745121781197       0.070050463080
       4.777142857143       1.709748721785       0.051267251372
       4.828571428571       1.582094840705       0.034168615937
       4.880000000000       1.375351494385       0.020921068266
       4.931428571429       1.121208361453       0.011881781742
       4.982857142857       0.854008748300       0.006336885039
       5.034285714286       0.607405173489       0.003207365982
       5.085714285714       0.398515216592       0.001561224344
       5.137142857143       0.234995583176       0.000746757782
       5.188571428571       0.119842705317       0.000356315199
       5.240000000000       0.049855161018       0.000171682957
       5.291428571429       0.015802865932       0.000083378538
       5.342857142857       0.003605778410       0.000039832779
       5.394285714286       0.000571377384       0.000019546298
       5.445714285714       0.000061795215       0.000010745978
       5.497142857143       0.000004555594       0.000006061707
       5.548571428571       0.000000238585       0.000002784225
       5.600000000000       0.000000010060       0.000000690134
e
set nolabel
set label "  22.00 fs,  rd          " at graph 0.01,0.95
plot "-"  using 1:2 smooth csplines  notitle ; pause 0.25 
       3.800000000000       0.004051974368       0.005523820873
       3.851428571429       0.012976386157       0.011912075803
       3.902857142857       0.021487365787       0.010337471962
       3.954285714286       0.033992968707       0.007069020532
       4.005714285714       0.056183748853       0.007705653086
       4.057142857143       0.084695601577       0.010492873378
       4.108571428571       0.117992005673       0.012446285225
       4.160000000000       0.159929803987       0.014955909923
       4.211428571429       0.214128434244       0.019860630855
       4.262857142857       0.283574703563       0.026906659827
       4.314285714286       0.372316600341       0.036316387355
       4.365714285714       0.485235980401       0.047853335738
       4.417142857143       0.626194580562       0.061236057431
       4.468571428571       0.795417061696       0.076327696443
       4.520000000000       0.986851017094       0.091687984765
       4.571428571429       1.187644381490       0.103269137442
       4.622857142857       1.380360023015       0.106241583824
       4.674285714286       1.541649653680       0.098312050104
       4.725714285714       1.649400529762       0.081705801189
       4.777142857143       1.681991749340       0.061193838716
       4.828571428571       1.630179728899       0.041562624276
       4.880000000000       1.494521647692       0.025825981051
       4.931428571429       1.293153502047       0.014832214452
       4.982857142857       1.051127641565       0.008017192595
       5.034285714286       0.803711730987       0.004135050811
       5.085714285714       0.571039412171       0.002056272235
       5.137142857143       0.366174336523       0.001007372164
       5.188571428571       0.204049534578       0.000497117755
       5.240000000000       0.093335755325       0.000248178141
       5.291428571429       0.032599413923       0.000122350204
       5.342857142857       0.008155870213       0.000059138532
       5.394285714286       0.001402793936       0.000030305726
       5.445714285714       0.000162592371       0.000016899985
       5.497142857143       0.000012644138       0.000009078613
       5.548571428571       0.000000675116       0.000003956613
       5.600000000000       0.000000026432       0.000000950338
e
set nolabel
set label "  23.00 fs,  rd          " at graph 0.01,0.95
plot "-"  using 1:2 smooth csplines  notitle ; pause 0.25 
       3.800000000000       0.004589776654       0.004148340318
       3.851428571429       0.015294662606       0.009466806427
       3.902857142857       0.024722973143       0.009221840650
       3.954285714286       0.035551929290       0.006696600001
       4.005714285714       0.055471026442       0.006204851437
       4.057142857143       0.081049588819       0.008038172498
       4.108571428571       0.109085395363       0.009811230935
       4.160000000000       0.143531352902       0.011607075110
       4.211428571429       0.188124001337       0.015191315673
       4.262857142857       0.245052896854       0.020842596889
       4.314285714286       0.317560627850       0.028789078817
       4.365714285714       0.410248033909       0.038987368345
       4.417142857143       0.527534773573       0.051665592939
       4.468571428571       0.671503858434       0.067672468722
       4.520000000000       0.839645446589       0.086427554488
       4.571428571429       1.023472804162       0.103505387902
       4.622857142857       1.210964709106       0.112315662205
       4.674285714286       1.384126270811       0.108416512609
       4.725714285714       1.523523798419       0.092952787876
       4.777142857143       1.608359917170       0.071087539196
       4.828571428571       1.622904092073       0.049020268023
       4.880000000000       1.557883185645       0.030886687338
       4.931428571429       1.420851134592       0.017946247011
       4.982857142857       1.223040475614       0.009794577956
       5.034285714286       0.995904745327       0.005129979458
       5.085714285714       0.759314207567       0.002604684792
       5.137142857143       0.524742430490       0.001301478012
       5.188571428571       0.316014622028       0.000659425219
       5.240000000000       0.156958253744       0.000337175734
       5.291428571429       0.059669578008       0.000167348684
       5.342857142857       0.016182093208       0.000082197053
       5.394285714286       0.002987965814       0.000043334709
       5.445714285714       0.000367117946       0.000024028499
       5.497142857143       0.000029807147       0.000012415835
       5.548571428571       0.000001617727       0.000005205129
       5.600000000000       0.000000060189       0.000001225669
e
set nolabel
set label "  24.00 fs,  rd          " at graph 0.01,0.95
plot "-"  using 1:2 smooth csplines  notitle ; pause 0.25 
       3.800000000000       0.004863300839       0.003096458968
       3.851428571429       0.017172395666       0.007419143803
       3.902857142857       0.027974722454       0.008053207770
       3.954285714286       0.036695855346       0.006434067618
       4.005714285714       0.053325565791       0.005258596968
       4.057142857143       0.076246670344       0.006039915141
       4.108571428571       0.100002258033       0.007642768323
       4.160000000000       0.128208814810       0.009197613224
       4.211428571429       0.165125869939       0.011817222461
       4.262857142857       0.212028056073       0.016286466271
       4.314285714286       0.271220963138       0.022788794711
       4.365714285714       0.346966574175       0.031107705086
       4.417142857143       0.443924311548       0.041942056268
       4.468571428571       0.565193231321       0.057508815080
       4.520000000000       0.710418758293       0.078698538244
       4.571428571429       0.874824739165       0.101055435836
       4.622857142857       1.049934689783       0.115964241326
       4.674285714286       1.223775992791       0.116515070200
       4.725714285714       1.379807479680       0.102940350771
       4.777142857143       1.500281919208       0.080477304757
       4.828571428571       1.568417871992       0.056215196848
       4.880000000000       1.566669841607       0.035759747028
       4.931428571429       1.496283875571       0.021050699055
       4.982857142857       1.355547871855       0.011608655564
       5.034285714286       1.166283815271       0.006135581993
       5.085714285714       0.946193664438       0.003173646284
       5.137142857143       0.699364414646       0.001617020112
       5.188571428571       0.451271442903       0.000835378596
       5.240000000000       0.240881332300       0.000432585512
       5.291428571429       0.098627301243       0.000215236854
       5.342857142857       0.028708417408       0.000108309316
       5.394285714286       0.005638404400       0.000057805064
       5.445714285714       0.000727941582       0.000031382515
       5.497142857143       0.000061220120       0.000015863568
       5.548571428571       0.000003366930       0.000006510932
       5.600000000000       0.000000120793       0.000001496741
e
set nolabel
set label "  25.00 fs,  rd          " at graph 0.01,0.95
plot "-"  using 1:2 smooth csplines  notitle ; pause 0.25 
       3.800000000000       0.004781961211       0.002310530515
       3.851428571429       0.018152523100       0.005714402068
       3.902857142857       0.030922490987       0.006725702435
       3.954285714286       0.037931032906       0.006020659115
       4.005714285714       0.050090700905       0.004835410509
       4.057142857143       0.070392159331       0.004753127694
       4.108571428571       0.091306916955       0.005891976878
       4.160000000000       0.114375266195       0.007290651556
       4.211428571429       0.144946557056       0.009260360152
       4.262857142857       0.183903143948       0.012822127901
       4.314285714286       0.232237212670       0.018307739869
       4.365714285714       0.293813107742       0.024952769279
       4.417142857143       0.373300609903       0.033331643790
       4.468571428571       0.474646604723       0.046989206225
       4.520000000000       0.598299073883       0.068888060749
       4.571428571429       0.742615562760       0.095563746989
       4.622857142857       0.901406434261       0.116923920810
       4.674285714286       1.067710388452       0.122496075928
       4.725714285714       1.228990819719       0.110973142087
       4.777142857143       1.369710163110       0.088572062552
       4.828571428571       1.476935731868       0.062894321978
       4.880000000000       1.527596885959       0.040254160762
       4.931428571429       1.518341712654       0.023882823065
       4.982857142857       1.439876647459       0.013371744193
       5.034285714286       1.300795666046       0.007121260278
       5.085714285714       1.114376396355       0.003715770785
       5.137142857143       0.874822710951       0.001936492627
       5.188571428571       0.600566725350       0.001015776535
       5.240000000000       0.341625527168       0.000526098069
       5.291428571429       0.149300090399       0.000263820897
       5.342857142857       0.046247987646       0.000135548005
       5.394285714286       0.009586039232       0.000072294119
       5.445714285714       0.001291136929       0.000038553080
       5.497142857143       0.000111778987       0.000019229376
       5.548571428571       0.000006212756       0.000007750542
       5.600000000000       0.000000216986       0.000001759445
e
