#Update-step  Updatetime     Error of A        Error of phi      Time in fs
     1        0.50000000     0.338608E-009     0.200799E-007        0.0000
     2        0.50000000     0.222864E-009     0.891401E-008        0.5000
     3        1.00000000     0.294047E-007     0.248532E-006        1.0000
     4        1.00000000     0.225063E-006     0.356657E-006        2.0000
     5        1.00000000     0.393640E-006     0.597878E-006        3.0000
     6        1.00000000     0.137093E-006     0.288188E-006        4.0000
     7        1.00000000     0.122070E-006     0.381624E-006        5.0000
     8        1.00000000     0.102271E-006     0.438268E-006        6.0000
     9        1.00000000     0.189214E-006     0.584194E-006        7.0000
    10        1.00000000     0.291176E-006     0.761126E-006        8.0000
    11        1.00000000     0.297514E-006     0.805039E-006        9.0000
    12        1.00000000     0.158298E-006     0.715026E-006       10.0000
    13        1.00000000     0.373924E-006     0.719258E-006       11.0000
    14        1.00000000     0.718455E-006     0.162232E-005       12.0000
    15        1.00000000     0.461438E-006     0.159096E-005       13.0000
    16        1.00000000     0.780465E-006     0.120857E-005       14.0000
    17        1.00000000     0.833164E-006     0.185147E-005       15.0000
    18        1.00000000     0.883898E-006     0.252539E-005       16.0000
    19        1.00000000     0.896380E-006     0.263997E-005       17.0000
    20        1.00000000     0.109062E-005     0.301027E-005       18.0000
    21        1.00000000     0.155840E-005     0.432230E-005       19.0000
    22        1.00000000     0.226542E-005     0.583416E-005       20.0000
    23        1.00000000     0.312031E-005     0.605082E-005       21.0000
    24        1.00000000     0.407057E-005     0.587889E-005       22.0000
    25        1.00000000     0.433156E-005     0.624541E-005       23.0000
    26        1.00000000     0.397150E-005     0.670703E-005       24.0000
